x[0] = -4.614566e-01
x[1] = 1.000000e+00
