x[0] = 1.348146e-05
x[1] = 7.417596e+00
