x[0] = 3.989561e-01
x[1] = 1.000019e+00
x[2] = -3.320572e-20
