x[0] = 9.977737e-01
x[1] = -4.452690e-03
x[2] = -6.679035e-03
x[3] = -8.905380e-03
x[4] = -1.113173e-02
x[5] = -1.335807e-02
x[6] = -1.558442e-02
x[7] = -1.781076e-02
x[8] = -2.003711e-02
x[9] = -2.226345e-02
